% kinetics simple test

solvers kinetics

initial_power 1.0
generation_time 0.00002
delayed_constants 0.0127 0.0317 0.115 0.311 1.4 3.87
delayed_fractions 0.000266 0.001491 0.001316 0.002849 0.000896 0.000182
times 200 2.0
reactivities 0.00000E+00 7.00000E-06 1.40000E-05 2.10000E-05 2.80000E-05 3.50000E-05 4.20000E-05 4.90000E-05 5.60000E-05 6.30000E-05 7.00000E-05 7.70000E-05 8.40000E-05 9.10000E-05 9.80000E-05 1.05000E-04 1.12000E-04 1.19000E-04 1.26000E-04 1.33000E-04 1.40000E-04 1.47000E-04 1.54000E-04 1.61000E-04 1.68000E-04 1.75000E-04 1.82000E-04 1.89000E-04 1.96000E-04 2.03000E-04 2.10000E-04 2.17000E-04 2.24000E-04 2.31000E-04 2.38000E-04 2.45000E-04 2.52000E-04 2.59000E-04 2.66000E-04 2.73000E-04 2.80000E-04 2.87000E-04 2.94000E-04 3.01000E-04 3.08000E-04 3.15000E-04 3.22000E-04 3.29000E-04 3.36000E-04 3.43000E-04 3.50000E-04 3.57000E-04 3.64000E-04 3.71000E-04 3.78000E-04 3.85000E-04 3.92000E-04 3.99000E-04 4.06000E-04 4.13000E-04 4.20000E-04 4.27000E-04 4.34000E-04 4.41000E-04 4.48000E-04 4.55000E-04 4.62000E-04 4.69000E-04 4.76000E-04 4.83000E-04 4.90000E-04 4.97000E-04 5.04000E-04 5.11000E-04 5.18000E-04 5.25000E-04 5.32000E-04 5.39000E-04 5.46000E-04 5.53000E-04 5.60000E-04 5.67000E-04 5.74000E-04 5.81000E-04 5.88000E-04 5.95000E-04 6.02000E-04 6.09000E-04 6.16000E-04 6.23000E-04 6.30000E-04 6.37000E-04 6.44000E-04 6.51000E-04 6.58000E-04 6.65000E-04 6.72000E-04 6.79000E-04 6.86000E-04 6.93000E-04 7.00000E-04 7.07000E-04 7.14000E-04 7.21000E-04 7.28000E-04 7.35000E-04 7.42000E-04 7.49000E-04 7.56000E-04 7.63000E-04 7.70000E-04 7.77000E-04 7.84000E-04 7.91000E-04 7.98000E-04 8.05000E-04 8.12000E-04 8.19000E-04 8.26000E-04 8.33000E-04 8.40000E-04 8.47000E-04 8.54000E-04 8.61000E-04 8.68000E-04 8.75000E-04 8.82000E-04 8.89000E-04 8.96000E-04 9.03000E-04 9.10000E-04 9.17000E-04 9.24000E-04 9.31000E-04 9.38000E-04 9.45000E-04 9.52000E-04 9.59000E-04 9.66000E-04 9.73000E-04 9.80000E-04 9.87000E-04 9.94000E-04 1.00100E-03 1.00800E-03 1.01500E-03 1.02200E-03 1.02900E-03 1.03600E-03 1.04300E-03 1.05000E-03 1.05700E-03 1.06400E-03 1.07100E-03 1.07800E-03 1.08500E-03 1.09200E-03 1.09900E-03 1.10600E-03 1.11300E-03 1.12000E-03 1.12700E-03 1.13400E-03 1.14100E-03 1.14800E-03 1.15500E-03 1.16200E-03 1.16900E-03 1.17600E-03 1.18300E-03 1.19000E-03 1.19700E-03 1.20400E-03 1.21100E-03 1.21800E-03 1.22500E-03 1.23200E-03 1.23900E-03 1.24600E-03 1.25300E-03 1.26000E-03 1.26700E-03 1.27400E-03 1.28100E-03 1.28800E-03 1.29500E-03 1.30200E-03 1.30900E-03 1.31600E-03 1.32300E-03 1.33000E-03 1.33700E-03 1.34400E-03 1.35100E-03 1.35800E-03 1.36500E-03 1.37200E-03 1.37900E-03 1.38600E-03 1.39300E-03 1.40000E-03

solver kinetics
accuracy 1.0E-5
max_iteration_number 30